	IE_Class	Lymphoid-Cell-Enriched	B-Cell-Enriched, Angiogenic	Immune-Enriched, Hypoxic	Highly Immune-Enriched, Inflamed	Immune-Enriched, Fibrotic	Fibrotic, Angiogenic, Myeloid	Fibrotic, Hypoxic	Immune Desert	Faintly Infiltrated, Angiogenic
TCGA-DA-A95V	Lymphoid-Cell-Enriched	0.7639634328491745	0.11808566165645555	0.0439756694233686	0.017390635913213045	0.00812665479457195	0.013940276324802867	0.006752102233585122	0.010991033140369992	0.01677453366445838
TCGA-T2-A6WZ	Lymphoid-Cell-Enriched	0.9244431267199923	0.008790961594823623	0.007545596814527955	0.006219516184607208	0.007729968313151141	0.016282959701842712	0.006335543539453892	0.010333726640020854	0.012318600491580314
TCGA-13-2060	Lymphoid-Cell-Enriched	0.7805708755576479	0.015893565511691892	0.03573951913914624	0.11590837580402805	0.008912654265277504	0.012966939668206171	0.007104522432276728	0.011808047731626557	0.011095499890098894
TCGA-C5-A1MF	Lymphoid-Cell-Enriched	0.9298285663666374	0.007853493970940578	0.008669762999664824	0.006263582127045567	0.0077893954938079765	0.011122828527278025	0.006386256711197471	0.010399246556898268	0.01168686724652983
TCGA-66-2766	Lymphoid-Cell-Enriched	0.8030404899392121	0.008469690474718034	0.012970689014960948	0.007281247533847693	0.009532771362704345	0.026215038442191318	0.007565058086331067	0.04049856453894253	0.08442645060709188
TCGA-55-7728	Lymphoid-Cell-Enriched	0.8070857802126288	0.006494018966131029	0.0099666501894697	0.13077371311325334	0.0077852413676919325	0.011102524533779998	0.006380385563157481	0.010397871042418884	0.010013815011468892
TCGA-BH-A42U	Lymphoid-Cell-Enriched	0.8930116037100589	0.01025822583652768	0.007570256511076965	0.03984213654669143	0.00777240397248341	0.014764306149000778	0.006379995685285038	0.010390706054095132	0.010010365534780696
TCGA-B0-5701	Lymphoid-Cell-Enriched	0.807158286360318	0.006267935162426551	0.08033443340644233	0.006714436271102184	0.008229461659744792	0.011794205417080627	0.007820043352273306	0.057649191427997994	0.014032006942614205
TCGA-E9-A248	Lymphoid-Cell-Enriched	0.926986954270933	0.0057605254375887715	0.013491026265217396	0.008172344425118074	0.007777396537465034	0.011104522593729935	0.0063761178699763	0.010377357143927932	0.009953755456043576
TCGA-77-7463	Unclassified	0.3587480320023111	0.008430724993154764	0.011105662859529948	0.009158476293360553	0.011278331410262857	0.23526249384181558	0.009380684819785854	0.2993280324759244	0.057307561303854934
TCGA-G9-A9S0	Lymphoid-Cell-Enriched	0.8005465245048455	0.005571613462109834	0.14299289658506997	0.006641308556606984	0.00760908972126773	0.010847749145694969	0.0062339024941475	0.010070318989927851	0.009486596540329571
TCGA-85-A510	Lymphoid-Cell-Enriched	0.9245890877261014	0.007755958141987424	0.00757383213202315	0.006236898435348169	0.007726538754365982	0.011060235612998275	0.006347588426662043	0.011706747799121548	0.01700311297139206
TCGA-ER-A194	Unclassified	0.4026820793363459	0.41941229434229876	0.010861529305234853	0.01822888949999036	0.02003663411488852	0.051618549174441905	0.009222944896024978	0.014662051633316044	0.0532750276974586
TCGA-N9-A4Q3	Immune-Enriched, Hypoxic	0.047071301175541494	0.01835186768946525	0.8098903929380399	0.019609732626870637	0.014251938931531297	0.03093951160479027	0.008332357759856596	0.020373777540946207	0.031179119732958466
TCGA-X8-AAAR	Lymphoid-Cell-Enriched	0.890458335707472	0.012677075754145745	0.01725514048053546	0.00661943005600992	0.008340176540451718	0.01394412767719797	0.006740764206285085	0.015592271820407063	0.02837267775749498
TCGA-B0-4833	Lymphoid-Cell-Enriched	0.7157031130576451	0.017988908313136986	0.01831214493017034	0.0054675392653213955	0.006804142763054933	0.00960242916009948	0.00559672858028961	0.009036622820234538	0.2114883711100477
TCGA-78-7536	Lymphoid-Cell-Enriched	0.8348681030129665	0.0057966718889886975	0.011794476254921726	0.006284289793643304	0.007808503508133763	0.012312318208479231	0.006402835796471361	0.10312161247569489	0.011611189060700505
TCGA-KS-A41F	Lymphoid-Cell-Enriched	0.9321350572295739	0.005786080347946027	0.007603066330968006	0.006266813734626961	0.007793831776631036	0.011120281146904807	0.0063884304858672246	0.011612526644236267	0.011293912303245758
TCGA-CV-7242	Lymphoid-Cell-Enriched	0.8898525866599181	0.012914133848752599	0.046378536288457534	0.006160960786710377	0.007595202348400591	0.010911627788049147	0.006259062680457112	0.010138602279066431	0.009789287320188038
TCGA-DD-AAD0	Lymphoid-Cell-Enriched	0.789297797100587	0.006224547552643298	0.008348218862607375	0.006643547718454937	0.008378422110864077	0.012088644735464477	0.02123297930120036	0.12838217168486737	0.019403670933311093
TCGA-BP-4992	Lymphoid-Cell-Enriched	0.9168928118076382	0.005703816215533411	0.0075390413584519225	0.02345042885589322	0.00766265796580219	0.010987954169214883	0.006304530339041925	0.010232401423402416	0.011226357865021862
TCGA-KK-A7AQ	Lymphoid-Cell-Enriched	0.7621518216191501	0.0147753992579929	0.010833340408365214	0.006915009272164871	0.008808903381191625	0.03247528965487729	0.0070385980549542235	0.01704996706495237	0.13995167128635158
TCGA-EY-A5W2	Lymphoid-Cell-Enriched	0.8648315191290408	0.005535710050965916	0.07816668150130586	0.006666343694789634	0.007407129911933943	0.010778539280094073	0.0059889813109904	0.010075659244600962	0.010549435876278452
TCGA-YF-AA3L	Lymphoid-Cell-Enriched	0.7671820836257988	0.006773995676120895	0.0077357199997684836	0.006408765438357071	0.008023787811772248	0.012865079309936047	0.006547945627106047	0.03570413657780829	0.14875848593333213
TCGA-DD-A3A1	Lymphoid-Cell-Enriched	0.8248103364548948	0.005567483198484478	0.11710215940163224	0.0059923076491169526	0.007456005121035005	0.01317010033194339	0.006039266808270927	0.010119592723026863	0.009742748311595252
TCGA-LL-A5YL	Lymphoid-Cell-Enriched	0.9233563159286872	0.0057317070541899546	0.007547428321624608	0.006201105752327218	0.007708623319540477	0.01106017706289453	0.0062991742739902405	0.01121623486745325	0.020879233419292438
TCGA-EJ-7325	Lymphoid-Cell-Enriched	0.9086588955078758	0.005652110501443362	0.011288058189681389	0.0061249976064279565	0.007614322835173035	0.0159898488511269	0.006242011808130952	0.02343253125167267	0.014997223448467887
TCGA-N5-A59F	Lymphoid-Cell-Enriched	0.9196207802021463	0.006386845823928225	0.007523439201894619	0.02129147053792159	0.00771221016323366	0.010951567012107019	0.006311991799899953	0.010282202133361255	0.009919493125507255
TCGA-GN-A267	Lymphoid-Cell-Enriched	0.799838440917727	0.058820252549460814	0.04158319799589948	0.00820109644350169	0.009550915021309975	0.014752220863049021	0.008033939913676302	0.016371488878327758	0.04284844741704802
TCGA-AX-A1C7	Lymphoid-Cell-Enriched	0.9070166353017266	0.005702298143692305	0.008248315899657696	0.006198584445370952	0.007660273577183535	0.012066017445421146	0.006302923170183014	0.01707113535260796	0.029733816664156802
TCGA-G2-AA3B	Lymphoid-Cell-Enriched	0.9179477328551755	0.00572005630591357	0.009808844750310117	0.006214711488682314	0.007688165774866205	0.011016816387549228	0.0063217235751050465	0.013946941105766936	0.02133500775663107
TCGA-DS-A1OD	Lymphoid-Cell-Enriched	0.5911855163475449	0.018491459813312287	0.006527783378590222	0.34465255361294755	0.006604136275256539	0.009504650801528281	0.00537020897645827	0.008953345603901498	0.008710345190460336
TCGA-VQ-A91E	Lymphoid-Cell-Enriched	0.8780558138140506	0.006197126627259406	0.03466246928020396	0.006649804521642511	0.008166376410208	0.01169796084772986	0.013599840421798556	0.027082000846448896	0.013888607230658035
TCGA-DF-A2KV	Lymphoid-Cell-Enriched	0.9139415142320988	0.005699061400075813	0.027491268149263857	0.006824145690762437	0.0077226365550011845	0.011912305696048037	0.006329846948438902	0.010277459799847306	0.00980176152846348
TCGA-DJ-A2QA	Lymphoid-Cell-Enriched	0.9191145298285429	0.006563196295182166	0.007521700936395185	0.006174999194257604	0.007710428358009386	0.012531317764417313	0.006310323138324617	0.01027938005931806	0.023794124425552635
TCGA-05-5423	Lymphoid-Cell-Enriched	0.9193621307912453	0.005726623811695181	0.0082063929773281	0.009796736165318232	0.0076984811536345895	0.011028488292159591	0.006328676533777439	0.010282214685744402	0.02157025558909715
TCGA-N7-A59B	Lymphoid-Cell-Enriched	0.8785340974247886	0.005548450989323166	0.0072762546738745215	0.06520667683920965	0.00745883420683977	0.010427831894872352	0.006074705076980647	0.009880898051429273	0.009592250842681978
TCGA-FU-A23K	Lymphoid-Cell-Enriched	0.9268386373941256	0.007971827747060636	0.0075853486174923684	0.012088416032023574	0.007747684653055209	0.011084162307106451	0.006361841568788768	0.010350633689554169	0.009971447990793214
TCGA-A3-3306	Lymphoid-Cell-Enriched	0.9132231963253622	0.005876749291474726	0.012894745924065674	0.006385515891160804	0.007931735293940796	0.017834440020524665	0.006528724117117491	0.01587129652489176	0.013453596611461949
TCGA-4Z-AA87	Lymphoid-Cell-Enriched	0.9265817856221078	0.007729891368564806	0.009740750206387764	0.00688592362633941	0.007753167440023689	0.01109036610901542	0.006365537176294544	0.010358257676199465	0.013494320775067101
TCGA-EK-A2RB	Unclassified	0.4354582982427864	0.005356265972075438	0.007084133077527878	0.005952078909788326	0.0072454562617391026	0.01052483706453389	0.006030039952653629	0.44171717101430125	0.08063171950459402
TCGA-P3-A5QE	Lymphoid-Cell-Enriched	0.9314145282475798	0.0057800739710978195	0.009914444269159337	0.007165868319803417	0.007783023980540918	0.011129677876757761	0.0063757217569620495	0.010413546984772495	0.010023114593326396
TCGA-D7-A6F0	Faintly Infiltrated, Angiogenic	0.43801792277054546	0.012058948005848464	0.00639872559799159	0.005322799789229284	0.006537370243544232	0.00944452640953582	0.005393622685656853	0.02047754659434945	0.49634853790329886
TCGA-QM-A5NM	Lymphoid-Cell-Enriched	0.8578074908417778	0.00537884645132794	0.010923451198312149	0.005843460028088228	0.007236060795237543	0.010326085185301695	0.005950363555912238	0.02124927779424047	0.07528496414980192
TCGA-64-5778	Lymphoid-Cell-Enriched	0.8972208921860668	0.0055843485807139754	0.007342344327984708	0.045708801500488686	0.007526705338390194	0.010741870733116372	0.006177299688311685	0.010040473026017543	0.009657264618909955
TCGA-B2-4099	Lymphoid-Cell-Enriched	0.8668573597310806	0.005599991802349496	0.040273218110251946	0.026472774802131182	0.007544062560395919	0.015877664433765145	0.00620744421934552	0.01007541881090613	0.021092065529774124
TCGA-VQ-A8E3	Lymphoid-Cell-Enriched	0.8118492585680265	0.00976898993959056	0.12603708754345833	0.006870512315836269	0.00776296862314885	0.011082510975955782	0.006363926615318519	0.01035103664023235	0.009913708778432721
TCGA-BB-4223	Lymphoid-Cell-Enriched	0.9159299754362473	0.023422945188042076	0.008536984033847093	0.006810578474653656	0.007741058536550408	0.01104908435301954	0.006345413097741273	0.010311066586165847	0.009852894293732772
TCGA-N7-A4Y8	Lymphoid-Cell-Enriched	0.49462167935724927	0.0042870853902524635	0.005606300486432785	0.004706367405754362	0.005781279286414023	0.00825030174443383	0.004794089423464116	0.4599424541935152	0.012010442712483908
TCGA-G9-6339	Lymphoid-Cell-Enriched	0.8208100429732615	0.00564823501634155	0.11327828547735948	0.006149487112805238	0.007575358290532701	0.02041631468695312	0.006245687028690366	0.010111008496371062	0.009765580917684936
TCGA-D3-A51K	Lymphoid-Cell-Enriched	0.9302738349589005	0.006488604626773603	0.0075902236280262075	0.006252321739917269	0.0077806673922473325	0.011093069999893674	0.006376102032630712	0.010390626649372682	0.013754548972237976
TCGA-DD-A73G	Lymphoid-Cell-Enriched	0.9320949205575569	0.00578587811941021	0.008461546222907512	0.006266499892231256	0.0077935466853088445	0.01277387821671935	0.006388163497686744	0.010411025241849815	0.01002454156632922
TCGA-A3-3383	Lymphoid-Cell-Enriched	0.9326662567511965	0.005786064732907925	0.007598970060839735	0.008180464604779402	0.007794771291337986	0.01112910391964978	0.006394208109408973	0.010418508838648284	0.010031651691231467
TCGA-29-1784	Lymphoid-Cell-Enriched	0.5881185750423079	0.00426992353583637	0.005594787085281373	0.36833068360675014	0.005727449734660705	0.008123131937414322	0.004753278389064029	0.007635723847752772	0.007446446820932384
TCGA-ZF-A9R4	Lymphoid-Cell-Enriched	0.9212045031174337	0.006600037957520365	0.008680488817303152	0.006212230577756466	0.007694443300220698	0.010964161458806668	0.006330458673433563	0.01029380021622374	0.022019875881301595
TCGA-A3-3367	Unclassified	0.28633170700988564	0.018794727126404016	0.1404603394177873	0.013301161694801774	0.016408090642763367	0.2199793554601736	0.013701837181178672	0.04671627232428637	0.24430650914271929
TCGA-CR-6473	Lymphoid-Cell-Enriched	0.768934068403033	0.006429034901903681	0.022672732402041856	0.007264627404832111	0.008700235826662076	0.02034960788928655	0.1345400639977434	0.013918800812263715	0.01719082836223371
TCGA-DJ-A3V7	Immune-Enriched, Hypoxic	0.21132047562625877	0.005280220738660055	0.7179498498597635	0.005750007348260611	0.007098526466459071	0.022931332009923918	0.005819907521021324	0.00955624463619036	0.01429343579346233
TCGA-DJ-A13O	Lymphoid-Cell-Enriched	0.8482730583561109	0.005562689498206583	0.008166625332515012	0.09381334034862518	0.0076011391191494245	0.010835619491257931	0.006227184418826091	0.010055814894058487	0.009464528541250395
TCGA-BR-6707	Lymphoid-Cell-Enriched	0.8558889441273111	0.03895708484821302	0.009573874128209588	0.04751877314647072	0.00821366636964263	0.011817780970602215	0.006660378344429207	0.010939199301738724	0.010430298763382813
TCGA-BC-A217	Lymphoid-Cell-Enriched	0.8652173514574732	0.005404321167848511	0.075183587831822	0.005880976038218047	0.007277188812984092	0.010472892522627475	0.005975407854828139	0.009722003169881515	0.014866271144317055
TCGA-EE-A2MF	Lymphoid-Cell-Enriched	0.8888205240539552	0.006649469938256128	0.008822273078175383	0.006284183112059661	0.007808544976671066	0.011151748303618966	0.006402960050532365	0.032191193732472825	0.03186910275425844
TCGA-A2-A3XZ	Lymphoid-Cell-Enriched	0.7577813276535165	0.011173963744147128	0.1675810649413289	0.013431666817324894	0.009782043512157623	0.011930665729593521	0.006755588416666002	0.01103242166039299	0.010531257524872563
TCGA-90-7766	Lymphoid-Cell-Enriched	0.9071105364631833	0.006349715510656506	0.033689954539418046	0.006807552525367208	0.007617974969668354	0.010937395127197169	0.0062744122956377045	0.010170268320702173	0.011042190248169525
TCGA-WE-AAA0	Lymphoid-Cell-Enriched	0.7035475745050236	0.006716170736936091	0.11817821289640662	0.007380517876158911	0.00902073383979573	0.0937964279010671	0.007558952057786483	0.03514668379811177	0.018654726388713648
TCGA-C8-A26Y	Lymphoid-Cell-Enriched	0.7817341834678684	0.005908223905159006	0.007807707118061924	0.006378034438679283	0.007957373559404044	0.01139642730502618	0.012436027233770358	0.1527635404816849	0.013618482490346051
TCGA-HC-A6AQ	Lymphoid-Cell-Enriched	0.8438376058367816	0.00556710946003338	0.008214431206922269	0.006074745150461778	0.00760507698333668	0.010841627203768333	0.006230511823193938	0.012730951557962281	0.09889794077753983
TCGA-49-AAQV	Lymphoid-Cell-Enriched	0.8710871940611066	0.009749937624146453	0.022200071514612132	0.0068203685831800765	0.00873566760650955	0.03966044105132761	0.007027779756676652	0.023566812973684417	0.01115172682875657
TCGA-A2-A0CK	Lymphoid-Cell-Enriched	0.5715644918471765	0.027455774663159453	0.04552985007201988	0.014195986162972882	0.011822664815885425	0.18362982647221043	0.009857246508124176	0.016236359406995853	0.11970780005145518
TCGA-NC-A5HQ	Lymphoid-Cell-Enriched	0.8722980911286093	0.005639038572832745	0.06571790069770789	0.006141135379054354	0.0075609137203610215	0.013522611723201444	0.006235950837543226	0.010090922870079358	0.012793435070610495
TCGA-XF-AAN1	Lymphoid-Cell-Enriched	0.7547466074922222	0.0056863682631645845	0.0074530447698537535	0.0061836007434583305	0.0077113278941517635	0.011003726477839695	0.006320291390980459	0.07408676499356469	0.12680826797476452
TCGA-49-4494	Lymphoid-Cell-Enriched	0.7765258929596446	0.005778117219762311	0.15389394415908514	0.006267439403917524	0.00777936026146496	0.021534224503541845	0.006383192136823248	0.011828540580209716	0.010009288775550611
TCGA-A3-3329	Lymphoid-Cell-Enriched	0.5278012955595204	0.012663056482512716	0.25281431433837637	0.012609854530161039	0.010812314488815486	0.13072738558571548	0.008860602604435715	0.014397083318085747	0.029314093092377053
TCGA-CQ-5323	Lymphoid-Cell-Enriched	0.6835307521289726	0.012852352204259005	0.2193864000756119	0.006276045422723942	0.00763604099955337	0.01105738082482508	0.006379898437481282	0.01474336830325842	0.03813776160331439
TCGA-58-A46M	Lymphoid-Cell-Enriched	0.8876474906280395	0.005692271919037035	0.04332911234839733	0.006150966986650343	0.007647962018188398	0.01100351076776649	0.006236762598208645	0.010292141022152368	0.02199978171155983
TCGA-60-2711	Lymphoid-Cell-Enriched	0.7845109443421879	0.006748764489043102	0.007715733257820145	0.006387546668313248	0.007987089322333175	0.011355049932837888	0.006523209445707542	0.048679947859083944	0.12009171468267299
TCGA-66-2794	Lymphoid-Cell-Enriched	0.8720356108107838	0.005487371018014538	0.0073538901774642725	0.07189835797707761	0.007322694169918402	0.010603283369855157	0.006075381775914618	0.009759671139588323	0.009463739561383177
TCGA-C5-A2LZ	Lymphoid-Cell-Enriched	0.8979893172978917	0.005854082426752676	0.021163417748889586	0.0063366848282551316	0.007860749003285487	0.011231687378463574	0.0064465487801482115	0.022950635836413682	0.02016687669989993
TCGA-DJ-A4UL	Lymphoid-Cell-Enriched	0.8815507432695308	0.011883344525537864	0.045673594232373035	0.009053259044956914	0.007498770072450251	0.013758321128699704	0.006149684939112554	0.01002261818501722	0.014409664602321706
TCGA-KK-A7AY	Lymphoid-Cell-Enriched	0.9203500281686006	0.005744297725713438	0.009898771441013591	0.0062019704710027	0.007734928798528743	0.010998527060286117	0.0063332678143848825	0.02156648814700674	0.011171720373463086
TCGA-43-A475	Highly Immune-Enriched, Inflamed	0.3355513964938418	0.004639679230888328	0.009189283073597284	0.613895504892095	0.006221562213411354	0.00891908767433049	0.005101541946697381	0.008370868199956454	0.008111076275181837
TCGA-DD-AADQ	Lymphoid-Cell-Enriched	0.7372391782448181	0.01563299159237639	0.17470898823891598	0.005876191046387235	0.0072612383777024446	0.01041655471424255	0.005990109077148209	0.009648141586987378	0.0332266071214216
TCGA-FP-A9TM	Lymphoid-Cell-Enriched	0.9245098598284229	0.00968041507626202	0.009947884741139914	0.006240700709391722	0.0077701109632782595	0.011071249568932564	0.006366215931078487	0.010373907075439118	0.014039656106054815
TCGA-KS-A41J	Lymphoid-Cell-Enriched	0.875317870842709	0.005533167491402493	0.0072247063330009185	0.06794960913495722	0.007574837160470763	0.010795492509044232	0.0062049598706881565	0.01000783285137154	0.009391523806355558
TCGA-O2-A52W	Lymphoid-Cell-Enriched	0.7560282883630184	0.005780598857368859	0.00759349097215965	0.006269611393751701	0.007795280493020594	0.028486267680412874	0.006391229399729546	0.17165183798500544	0.010003394855533016
TCGA-EX-A69M	Lymphoid-Cell-Enriched	0.855663891636629	0.04952004569452393	0.031033543007016766	0.007063179435118724	0.008751618908951845	0.013817668935653463	0.0073722653735392675	0.011284208106708335	0.01549357890185848
TCGA-R6-A8WG	Lymphoid-Cell-Enriched	0.8132358037489764	0.016849027778551427	0.03134617270914988	0.008668005240714313	0.009975050345795591	0.019962451254832734	0.008431142879000503	0.05794840696498251	0.03358393907799658
TCGA-CR-6480	Lymphoid-Cell-Enriched	0.8992340736961577	0.005810178768652064	0.012404693535894521	0.006304212542152046	0.007827804482777763	0.011190503671132303	0.006420245943912209	0.03706135727727228	0.013746930082049112
TCGA-BR-8368	Lymphoid-Cell-Enriched	0.7884511250586276	0.00640936629169407	0.013589281967676854	0.006843530049006783	0.008355466498865538	0.011986441820460724	0.010577862344729521	0.1164735934155249	0.03731333255341396
TCGA-UF-A7JS	Lymphoid-Cell-Enriched	0.9203442014976956	0.005712903236967071	0.0075054155009147165	0.021243991289350343	0.0076925246740406905	0.010991010193632087	0.0063046765232852384	0.010292224932572697	0.009913052151541533
TCGA-DD-AAEA	Lymphoid-Cell-Enriched	0.9321229528212539	0.005786056120464274	0.007603033010912333	0.008749263036339725	0.007793797621981305	0.011120210548298154	0.006388398500018913	0.010411422682524131	0.010024865658207193
TCGA-HU-A4H2	Lymphoid-Cell-Enriched	0.693592442349815	0.007480096358474854	0.09226274332133808	0.008234239145834762	0.010198879757599371	0.06570402929974598	0.008432839934143035	0.035624446297428	0.07847028353562091
TCGA-FE-A231	Lymphoid-Cell-Enriched	0.8999783596258298	0.005994600717400055	0.027371113424194998	0.00653535498785066	0.008113020861623183	0.012794484816147991	0.008675210906100055	0.016579180001357347	0.013958674659495712
TCGA-CV-A6JN	Lymphoid-Cell-Enriched	0.8952934500911611	0.008701503550006415	0.028432058513196145	0.009160720291168958	0.007538002891375255	0.010759112985485158	0.0061911214231139145	0.010080748612051582	0.023843281642441382
TCGA-BR-A4QM	Lymphoid-Cell-Enriched	0.9291111739084034	0.009704310030633708	0.007594555071815043	0.006865910212223608	0.00776458900733192	0.012220443777814227	0.006373235748227885	0.010374139722524973	0.009991642521025218
TCGA-B6-A0IP	Lymphoid-Cell-Enriched	0.7887301224068033	0.05771871881869163	0.02808838483096914	0.007531391153553668	0.009965402140410645	0.020498842026377355	0.007856667729111788	0.013434439170933699	0.06617603172314881
TCGA-56-8307	Lymphoid-Cell-Enriched	0.526929814195515	0.01946007032343235	0.37097493271367	0.006436782617124576	0.007860639543566222	0.011212257991744277	0.006547521086306527	0.010523882438377286	0.0400540990902639
TCGA-B0-4714	Lymphoid-Cell-Enriched	0.8737381560251084	0.006125214360064146	0.007392122020587985	0.06914131473868607	0.00739289324962526	0.010682713992857099	0.006122698632716584	0.009857285154007245	0.009547601826347181
TCGA-HU-A4GX	Lymphoid-Cell-Enriched	0.9310832487515596	0.006501187519224891	0.008694711150959092	0.007983176030515552	0.007796031075930477	0.011132951951508901	0.0063918636249679014	0.010411351692813976	0.010005478202519529
TCGA-CR-6467	Lymphoid-Cell-Enriched	0.8051073190318091	0.009867783073718276	0.007426391110697606	0.13256617986493732	0.007660335513201574	0.010908087154296073	0.006308786235257295	0.010251403920975167	0.009903714095107475
TCGA-A8-A099	Immune Desert	0.1741892937711603	0.010315243003634868	0.008480042714806926	0.007020035157371057	0.00866021089371569	0.012506717270790247	0.0071250843485177965	0.6226745162822839	0.14902885655771925
TCGA-DJ-A3V8	Lymphoid-Cell-Enriched	0.7581394955248577	0.006110879134239607	0.13138738683699297	0.00657108058889595	0.008089536173275642	0.048707914784739334	0.006639868659283796	0.010946786117364143	0.02340705218035086
TCGA-CV-5973	Immune Desert	0.019917218784812833	0.006032083756496489	0.007799731444409115	0.006579996751787687	0.008287795421211833	0.040527168781163275	0.006804478320272164	0.6057276972881281	0.29832382945171854
TCGA-DJ-A2Q4	Lymphoid-Cell-Enriched	0.7800392610596083	0.0059474897879035725	0.14631619022725081	0.0065173081820158575	0.008021378450327039	0.021129789206375683	0.006601528071293113	0.01077187170335635	0.014655183311869251
TCGA-37-5819	Lymphoid-Cell-Enriched	0.8555022054391547	0.006383886397029595	0.00746441355321383	0.006110354823227712	0.0076517060519688635	0.01082650333890992	0.006255329666327776	0.01619971454203365	0.08360588618813393
TCGA-QK-A8Z8	Lymphoid-Cell-Enriched	0.7968218069940874	0.005865579701237909	0.007693054467072008	0.006371314609349069	0.007914553613778996	0.011252545287265369	0.006511046661676542	0.13548439980368446	0.02208569886184819
TCGA-DD-AACO	Lymphoid-Cell-Enriched	0.9198182190783397	0.008667611248240809	0.007510624456505554	0.013715789741396913	0.007698121633993127	0.01608773997689253	0.006314273713703032	0.010282865143867713	0.009904755007060746
TCGA-EA-A5O9	Unclassified	0.41165954724916176	0.010580227389485929	0.14123889243088866	0.011600417737925786	0.014551000297206499	0.22847266148310935	0.01216957778273062	0.1235163166816721	0.04621135894781937
TCGA-D7-A6F2	Lymphoid-Cell-Enriched	0.9123912133977308	0.005742589178595549	0.018889042503738532	0.006234917383633846	0.007761416636572112	0.013847022943161378	0.006362615222474907	0.010348205387735747	0.01842297734635701
TCGA-A2-A04X	Lymphoid-Cell-Enriched	0.8910722050933779	0.0448058809334415	0.00869163370450377	0.009672416081608612	0.007798563864425676	0.011136816042398084	0.00639400377279957	0.0104159721991108	0.010012508308333916
TCGA-JX-A5QV	Lymphoid-Cell-Enriched	0.7865585236034774	0.009064310042518713	0.13763850526419824	0.006613100718317585	0.00837719171304329	0.016315221511949574	0.006786153333809991	0.01317839521477833	0.01546859859790697
TCGA-BB-A6UM	Lymphoid-Cell-Enriched	0.9247946360787621	0.005751522993219659	0.016541583127722907	0.006213183504092238	0.007745114606670056	0.011019581407734647	0.006342806829327483	0.010334317131377084	0.01125725432109383
TCGA-97-A4M0	Lymphoid-Cell-Enriched	0.9227840076712892	0.006511505405852633	0.015430292140412822	0.006211496517284242	0.007721194776293097	0.011071920593986925	0.00631210847858953	0.010357969278592342	0.013599505137699133
TCGA-EJ-A46F	Lymphoid-Cell-Enriched	0.5160295518289804	0.003982535479835034	0.005238876722069142	0.004359870232858597	0.005360199825820864	0.007691662432624227	0.004429883523600221	0.44599751471116533	0.00690990524304623
TCGA-E2-A14O	Lymphoid-Cell-Enriched	0.8738552892574827	0.005835364166309648	0.008844514008055967	0.006319599403222418	0.007844072396035306	0.011206245093701123	0.0120973427041458	0.06205113807448624	0.011946434896560856
TCGA-EE-A2GU	Lymphoid-Cell-Enriched	0.9184683580785906	0.006385279276504197	0.022551075727227417	0.006207930239451586	0.007676437404052836	0.011003545675106927	0.006313818205909127	0.01025156216296909	0.0111419932301881
TCGA-37-4141	Lymphoid-Cell-Enriched	0.5885177829534924	0.03930969775325195	0.06547185350517198	0.01499492557480298	0.012704942759259421	0.026794154545270177	0.010047584876257424	0.04304447857723649	0.19911457945525712
TCGA-J4-A67K	Lymphoid-Cell-Enriched	0.8694785069135182	0.005463581236961006	0.007255762099143781	0.07437460459845827	0.007296177389378789	0.0106748938216523	0.005874827266970287	0.00997592503689871	0.009605721637018503
TCGA-IN-A6RL	Lymphoid-Cell-Enriched	0.8072784441656676	0.006504468880114333	0.010653961369090702	0.0068785059023500576	0.00875101666834275	0.03250729978439538	0.007001816243084072	0.028797458750372273	0.0916270282365829
TCGA-DD-AAED	Lymphoid-Cell-Enriched	0.8131114842101124	0.005180667958676418	0.021714906658537498	0.0056003220718602335	0.006932693964207914	0.009964774471702373	0.0056764320703387655	0.12278947686627742	0.009029241728286936
TCGA-2E-A9G8	Lymphoid-Cell-Enriched	0.8980518312446053	0.006663185326515568	0.030768483621335812	0.006327278518370419	0.00785156776633525	0.012262273522439327	0.0064387908467920234	0.011798301576783379	0.019838287576822818
TCGA-OR-A5J1	Lymphoid-Cell-Enriched	0.9259714641941612	0.009810030843806229	0.010615840951718214	0.0062510336138944635	0.007777147239814064	0.011104142258465607	0.0063759072192140385	0.01037690235610484	0.011717531322821299
TCGA-BR-8361	Lymphoid-Cell-Enriched	0.9160592807345808	0.007565270128429315	0.009757751735898098	0.006198810982168615	0.007732058750181285	0.010992594590887212	0.0063305800125244335	0.010313638892697177	0.02505001417263303
TCGA-DD-A3A3	Lymphoid-Cell-Enriched	0.8741861509540356	0.005825540100423436	0.007660473749539135	0.006310632312411482	0.007835319868583147	0.01713967944890134	0.006425061748128935	0.0596937715452169	0.014923370272759962
TCGA-T3-A92N	Lymphoid-Cell-Enriched	0.8374475912812602	0.005795525417284743	0.019781085957977965	0.006300182939224066	0.00784551517641446	0.055825542989455565	0.015255986837616555	0.024168827945788007	0.027579741454978414
TCGA-60-2719	Unclassified	0.2739167226779066	0.007504144028682064	0.01179386987578898	0.008139415087215053	0.01004199835542443	0.03301433992100665	0.008197650358258559	0.4120256306717932	0.23536622902392437
TCGA-AO-A1KR	Lymphoid-Cell-Enriched	0.8305582645313727	0.005634939774635838	0.007376393062781456	0.006136658476147848	0.00766550885518312	0.010933823708080001	0.0062815753603747745	0.10710310264515224	0.018309733586271908
TCGA-E2-A1II	Lymphoid-Cell-Enriched	0.824689069508404	0.010416599947128364	0.007389938234119517	0.11262750896705305	0.007631939403339683	0.010861403031681515	0.006290743055408563	0.010216107293347564	0.00987669055951774
TCGA-W5-AA2I	Immune Desert	0.11475394855418168	0.005327297107902472	0.006961538632324553	0.005852967340896663	0.0071940479853948944	0.010280927216631828	0.005959999459235877	0.8344205103422073	0.009248763361224661
TCGA-UF-A7JF	Lymphoid-Cell-Enriched	0.8934602325947019	0.00857667973760326	0.017683016988468594	0.006067345906612996	0.007548102225645096	0.035362372705583796	0.006185607110237408	0.010076765582785424	0.015039877148361408
TCGA-IQ-A6SH	Lymphoid-Cell-Enriched	0.6280415160021585	0.05661048568616685	0.17851531324531716	0.013840506359520277	0.011307694258392544	0.051141167058056894	0.00924154500681831	0.015271717154132697	0.036030055229436767
TCGA-G3-A25S	Lymphoid-Cell-Enriched	0.8055409616026775	0.00526417705940358	0.12051015783027492	0.0057214849033437876	0.007052622180240981	0.015031628441300274	0.00579256912509881	0.013882353284842119	0.021204045572817937
TCGA-AK-3455	Lymphoid-Cell-Enriched	0.9333605015838842	0.005790783997199128	0.007607034009884633	0.006279458643328647	0.007801052956997732	0.011139431181070783	0.006398199544285077	0.010426317007258408	0.011197221076091352
TCGA-AJ-A3BD	Lymphoid-Cell-Enriched	0.7829577246004648	0.017038383501116257	0.06583124084361389	0.07631728025355583	0.00958163479485905	0.014066765285927471	0.0075295995315430575	0.012639596727513719	0.014037774461406116
TCGA-49-4514	Lymphoid-Cell-Enriched	0.8892714348516974	0.005580926199643801	0.008077591233627876	0.00594843102403691	0.0075046160773919665	0.010522464288893205	0.00611757982400502	0.009953408686584082	0.05702354781411974
TCGA-B0-4847	Lymphoid-Cell-Enriched	0.9035535170802961	0.005646436029415546	0.007411013499587571	0.03900430373017605	0.007596968444532776	0.010713359188787333	0.006204067866771858	0.010099679005351319	0.009770655155081364
TCGA-22-4613	Lymphoid-Cell-Enriched	0.7724358968127853	0.024398287428638855	0.14277134466309366	0.011399821200967716	0.008204658577549056	0.011756365161521232	0.006737144434323504	0.011156801203447898	0.011139680517672805
TCGA-B6-A0I2	Lymphoid-Cell-Enriched	0.9143314608088126	0.005700357327854079	0.02357107782598473	0.010130429068398051	0.0076806888348592535	0.010941548673092202	0.006321718944877548	0.010276703288354363	0.011046015227767138
TCGA-CJ-4876	Lymphoid-Cell-Enriched	0.9101357274862789	0.005692858237813103	0.009356999683063059	0.006190011611703131	0.007645446608175828	0.010968479428738511	0.006292929227637406	0.030173988679559276	0.013543559037030731
TCGA-CJ-5675	Lymphoid-Cell-Enriched	0.788038088185708	0.005659767382986198	0.007429348110163358	0.15435878590543123	0.007615762296749011	0.010752206601674686	0.006221668319738624	0.01012944524567239	0.009794927951876496
TCGA-W5-AA38	Lymphoid-Cell-Enriched	0.8389370785536154	0.006524886393077206	0.011639902303718147	0.006945616495194373	0.008952287569251462	0.06325180721774919	0.007173789872483125	0.03348256323383923	0.023092068361071832
TCGA-DD-A113	Lymphoid-Cell-Enriched	0.787397751972745	0.010600107216112719	0.024129886515900773	0.009231116947349176	0.011374537701756105	0.0676332453041786	0.02881311354217081	0.028634162508267325	0.03218607829151948
TCGA-EB-A97M	Lymphoid-Cell-Enriched	0.8458724394107332	0.006756473686592547	0.054752517795252885	0.008376688726428983	0.00908645241452384	0.03584987959689955	0.01159331123032746	0.01435730982030912	0.013354927318932336
TCGA-AJ-A8CT	Lymphoid-Cell-Enriched	0.9149767274955757	0.010057050076052395	0.008938585145259682	0.017787844425678673	0.007841178185324791	0.01120182960726825	0.0064300118905887636	0.010493712499346134	0.012273060674905672
TCGA-DD-AAVZ	Lymphoid-Cell-Enriched	0.7568087286922774	0.00595168847613326	0.007848491881496302	0.006425776485276755	0.007947708886962498	0.023021730265552726	0.006520027875163934	0.023408925025235887	0.16206692241190127
TCGA-KL-8339	Lymphoid-Cell-Enriched	0.8023204969647763	0.010772197216971221	0.10582926976400864	0.008554378856067742	0.00874612881176695	0.018104185203116085	0.008728586997847504	0.02430214992047504	0.01264260626497058
TCGA-EB-A5UL	Lymphoid-Cell-Enriched	0.9033089158130535	0.005898019151139542	0.025372406137487157	0.012325168956100838	0.007951637307279647	0.016266168966781746	0.0065362154523616	0.010661413687600459	0.011680054528195382
TCGA-46-3768	Lymphoid-Cell-Enriched	0.7767925351694206	0.005786261017632084	0.007609566150176772	0.006274835179410979	0.007792151473598355	0.01113447674532141	0.00639181390160089	0.14394451352905682	0.03427384683378209
TCGA-G3-A3CJ	Lymphoid-Cell-Enriched	0.8771801377163735	0.0067840193273591785	0.017287897465099417	0.0064022874465009426	0.008012583933544265	0.014867203101287876	0.006540393785914483	0.01071898441855517	0.052206492805365226
TCGA-BR-7703	Lymphoid-Cell-Enriched	0.7978692718474228	0.005527514509710886	0.03296279002793282	0.006047068385351674	0.00739079719144191	0.010668331783607408	0.006111718789110796	0.10371724939157431	0.029705258073847267
TCGA-43-7656	Lymphoid-Cell-Enriched	0.8017796847828865	0.12440397343394669	0.014471372765380986	0.00965150765288036	0.008313098061682423	0.011624842564164503	0.006921091060868309	0.010890025728010322	0.011944403950179736
TCGA-KN-8428	Unclassified	0.19946918095465863	0.01331665348208702	0.41589949874384047	0.083422572822201	0.01814380649528235	0.11334197997997508	0.07830329341441751	0.03608847424304546	0.04201453986449251
TCGA-18-3421	Lymphoid-Cell-Enriched	0.9003932604358044	0.006770434275175652	0.01066728724983274	0.00953912980247296	0.008066971244599708	0.02796128987452064	0.00664422574827742	0.010844082874095313	0.019113318495221174
TCGA-CG-4469	Immune-Enriched, Hypoxic	0.2504527174581922	0.008504060598781196	0.4943941602054343	0.007964502922348727	0.009831981985371621	0.18779011232732712	0.008188641170845676	0.01729903143877838	0.015574791892920842
TCGA-OR-A5L3	Lymphoid-Cell-Enriched	0.5516051196081941	0.006216430143273413	0.009453311925673533	0.0068267325725779844	0.008427265738820338	0.01831821566200801	0.006967393549332889	0.201713254519135	0.1904722762809847
TCGA-BR-A4QI	Lymphoid-Cell-Enriched	0.9220278734065012	0.005720797858207999	0.0074874465861148876	0.006220714223016879	0.0077078965879470804	0.014430698386679569	0.006339007030627013	0.013315550464009465	0.016750015456895875
TCGA-QK-A6V9	Lymphoid-Cell-Enriched	0.9027000713818369	0.005616640028515646	0.03347596122679188	0.008899047753961276	0.007582838668100241	0.010813230171901042	0.006220229700507131	0.010118549572677044	0.014573431495708934
TCGA-NC-A5HL	Lymphoid-Cell-Enriched	0.9326968164228526	0.006547023953985714	0.008691122717099037	0.006276870270709922	0.007802365680534389	0.011142616196266391	0.0063972162196805	0.01042290776254335	0.010023060776327893
TCGA-W5-AA34	Lymphoid-Cell-Enriched	0.8678055692292291	0.005504375669451189	0.07588338066955871	0.006491092882156904	0.007349402851452351	0.011580337173941288	0.00609338444581839	0.009796810396046561	0.00949564668234534
TCGA-XF-AAML	Lymphoid-Cell-Enriched	0.9163294053121243	0.005700682378505517	0.02569621821984832	0.006196666206742781	0.007724080728764846	0.011936015507019355	0.006331067241943357	0.010280094371972595	0.009805770033078906
TCGA-DD-AADM	Lymphoid-Cell-Enriched	0.9043122373990112	0.006593329575950985	0.01473637957328861	0.0063262279413636964	0.007850542327395708	0.01683969241608404	0.0064379243745511985	0.010510795282802025	0.026392871109552386
TCGA-FP-8211	Lymphoid-Cell-Enriched	0.691211254887523	0.006641331536569021	0.015242496741391345	0.007176792826039978	0.00865295774604748	0.01866671532474468	0.13018442307605543	0.09277187860973557	0.029452149251893454
TCGA-2Y-A9H4	Lymphoid-Cell-Enriched	0.9044431009538545	0.013592453848961308	0.007655893040271694	0.006324017764061868	0.007877214206248226	0.012409820092837994	0.006449149427319822	0.023574056522637995	0.01767429414380656
TCGA-CD-A48A	Lymphoid-Cell-Enriched	0.8539038718474528	0.005868801484177674	0.008976726709778077	0.0063501199096267415	0.007873862611813194	0.011251693855645655	0.00645762947674373	0.06040770990877731	0.038909584195984726
TCGA-CJ-4916	Lymphoid-Cell-Enriched	0.8118139801314568	0.006251231540074839	0.007384806517034363	0.130261262353299	0.007478659421464466	0.010845358029561627	0.006062574795767868	0.0101399564664763	0.009762170744864773
TCGA-63-7023	Immune Desert	0.32868481869823224	0.005734096187748765	0.0075341948412188135	0.006368784498780955	0.007838109423385281	0.011262384305119732	0.006515177402532238	0.48608538371400944	0.13997705092897247
TCGA-73-7499	Lymphoid-Cell-Enriched	0.9246322538135159	0.006498869660911756	0.008423890378134477	0.014994968540742722	0.007751831898100725	0.011033466235107422	0.00634909757645741	0.010344956169544003	0.00997066572748548
TCGA-AJ-A3BK	Unclassified	0.3329203650040482	0.2413663161887995	0.08217924033785716	0.26067375358918	0.014215864338664225	0.019806790893056456	0.011485709036869362	0.018923210930738166	0.01842874968078699
TCGA-L5-A893	Lymphoid-Cell-Enriched	0.48520293092948	0.10457356283757042	0.2980732884106098	0.009072029003519597	0.01121244693062267	0.01872562187679998	0.009225489447157651	0.04605200143398063	0.01786262913025919
TCGA-CJ-4892	Lymphoid-Cell-Enriched	0.7713443148998375	0.023773324580967946	0.08182859058511328	0.007477218967733848	0.009252552199202815	0.012502426530044311	0.007887653032598783	0.011734492459549677	0.07419942674495186
TCGA-B8-A54D	Lymphoid-Cell-Enriched	0.9112608678962637	0.006369834227460382	0.015921410590717798	0.02161548677519764	0.007637291927282727	0.010912494074079123	0.0062628848028928475	0.010206403587125774	0.009813326118979967
TCGA-BB-4228	Lymphoid-Cell-Enriched	0.7569102939277454	0.02435772238919364	0.11589431290840717	0.007440134065113397	0.009807570310881938	0.0364136959140305	0.007750283057007995	0.021297545550765167	0.020128441876854825
TCGA-B0-4824	Lymphoid-Cell-Enriched	0.8106603353897338	0.06935703244088477	0.018040237827583985	0.034800543752264455	0.010053133208599104	0.01369278931233894	0.007915801814742131	0.013556431963302154	0.02192369429055056
TCGA-BP-4346	Lymphoid-Cell-Enriched	0.8606566363847884	0.006064499920341188	0.0073723934497071306	0.08249855287700625	0.00735666879883731	0.010641725838795746	0.006098281971446652	0.009806913922984013	0.009504326836093173
TCGA-B8-4151	Lymphoid-Cell-Enriched	0.7630222027609481	0.005751364063591863	0.007549917907638012	0.00624292681593294	0.0077692344202381965	0.011092070246101043	0.006369221069269117	0.1567798354022179	0.03542322731406288
TCGA-B0-4821	Faintly Infiltrated, Angiogenic	0.212134897128151	0.006842138369312643	0.013644982347406093	0.009282252231487365	0.009208354668695084	0.014436768889854037	0.02221557294955917	0.07789652427451565	0.634338509141019
TCGA-55-1596	Immune Desert	0.06216806177892582	0.005633205932638459	0.007398382645534908	0.006110308838783984	0.007581909833907172	0.010843827627782266	0.006216635012895949	0.8779253354472457	0.016122332882285758
TCGA-EB-A5UM	Lymphoid-Cell-Enriched	0.8829980074265134	0.00639091412550995	0.011639423084521216	0.006091547226246052	0.007576071935864026	0.010936355191955025	0.0061627981363534725	0.010227519684690604	0.05797736318834623
TCGA-B0-4818	Lymphoid-Cell-Enriched	0.8516195262306774	0.07177661581817024	0.0241899726290677	0.00632612103492578	0.007859875342380442	0.011201467994244927	0.006454790655445847	0.010482627971012298	0.010089002324075249
TCGA-E7-A519	Lymphoid-Cell-Enriched	0.8735613409707789	0.041627613240551226	0.0072991039331803285	0.03373950972063254	0.007446275611985259	0.010661643999708311	0.006103670147398748	0.009961462124622216	0.009599380251142611
